id,correct,marks,Q1,Q2,Q3,Q4,Q5,Q6,Q7,Q8,Q9,Q10,Q11,Q12,Q13,Q14,Q15,Q16,Q17,Q18,Q19,Q20,Q21,Q22,Q23,Q24,Q25,nationality,ji,year
1,17,68,1,1,1,1,1,1,1,1,0,1,1,1,1,1,0,0,0,0,1,1,0,1,0,0,1,62,2,3
2,9,36,1,0,1,1,1,0,0,0,0,1,0,1,0,0,0,0,0,0,0,0,0,1,1,0,1,62,2,2
3,14,56,1,0,1,0,1,0,0,0,0,1,1,1,1,1,0,1,1,0,0,0,1,1,1,0,1,62,2,3
4,20,80,1,1,1,1,1,1,1,1,1,1,1,1,1,1,1,0,0,0,1,1,1,1,1,0,0,84,2,3
5,13,52,1,1,0,1,1,1,0,0,0,1,0,1,1,0,0,0,1,0,1,1,0,1,1,0,0,84,2,3
6,17,68,0,1,1,1,0,1,1,1,1,1,1,1,0,1,0,0,1,0,1,1,1,1,0,1,0,84,2,3
7,13,52,1,1,0,0,0,1,0,0,0,1,1,1,0,1,0,0,1,0,1,1,1,1,1,0,0,84,2,3
8,14,56,1,1,1,1,0,0,1,1,0,1,0,1,0,0,0,0,1,0,1,1,0,1,1,1,0,84,2,3
9,8,32,1,0,0,1,1,0,0,0,0,1,0,0,0,1,0,0,0,0,1,1,1,0,0,0,0,84,2,3
10,14,56,1,1,1,1,1,1,1,1,1,1,0,0,0,0,0,0,0,0,1,0,1,0,0,1,1,84,2,3
11,9,36,0,1,1,1,0,1,0,1,0,1,0,0,0,0,1,0,1,0,1,0,0,0,0,0,0,84,2,2
12,19,76,1,1,1,1,1,1,1,0,0,1,0,1,1,1,1,1,1,0,1,1,1,1,0,1,0,84,2,2
13,8,32,0,0,1,0,1,0,1,0,0,0,0,0,1,0,1,0,0,0,0,0,1,1,1,0,0,84,2,2
14,12,48,1,1,0,1,1,1,0,1,0,1,0,0,1,0,0,0,0,0,1,0,1,0,0,1,1,84,2,2
15,11,44,1,1,1,1,1,1,1,0,0,1,0,1,0,0,0,0,0,0,0,0,0,1,0,1,0,84,2,2
16,13,52,1,1,0,0,1,1,1,0,0,1,1,1,0,1,1,0,0,0,0,0,1,1,0,1,0,84,2,2
17,15,60,1,1,1,1,1,1,0,1,0,1,0,1,0,1,1,0,0,0,1,0,1,1,1,0,0,84,2,2
18,16,64,1,1,1,1,1,1,1,1,0,1,1,1,0,1,0,0,0,0,1,0,0,1,1,1,0,84,2,2
19,8,32,0,1,1,1,0,0,0,1,0,0,0,0,1,0,0,0,0,1,0,0,0,0,1,1,0,84,2,2
20,10,40,1,1,1,1,0,1,0,0,0,0,1,0,1,0,0,0,0,0,0,0,1,0,1,1,0,84,2,2
21,12,48,1,1,1,1,1,0,0,0,0,0,0,0,1,1,1,0,0,0,1,0,0,1,1,0,1,84,2,2
22,15,60,0,1,1,1,1,1,1,1,0,0,1,0,1,1,1,0,0,1,0,0,0,0,1,1,1,84,2,2
23,9,36,1,1,0,1,0,0,1,0,0,1,1,1,1,0,1,0,0,0,0,0,0,0,0,0,0,84,2,1
24,12,48,1,1,1,0,1,1,1,0,0,1,0,1,0,0,0,0,0,0,0,1,0,1,1,0,1,84,2,1
25,12,48,1,1,0,1,0,1,1,0,0,1,1,1,0,1,0,0,0,0,0,0,1,1,0,1,0,84,2,1
26,15,60,1,0,1,1,0,1,0,0,1,1,1,1,0,1,1,0,0,1,1,0,0,0,1,1,1,84,2,1
27,17,68,1,1,1,1,1,0,0,1,1,1,0,1,1,1,1,0,1,1,0,0,0,1,1,0,1,84,2,1
28,14,56,1,0,0,1,1,1,0,0,0,1,1,0,0,1,1,0,1,0,1,0,1,1,1,0,1,84,2,1
29,17,68,1,1,1,1,1,1,0,0,0,1,1,1,1,1,1,0,0,0,0,1,1,1,1,0,1,84,2,1
30,7,28,0,0,1,1,0,0,1,0,0,0,0,0,1,0,1,0,0,0,1,0,0,0,0,0,1,84,2,1
31,10,40,1,1,1,1,1,0,1,1,1,1,0,0,0,0,0,0,0,0,1,0,0,0,0,0,0,84,2,1
32,11,44,0,0,1,1,0,0,1,1,0,1,1,0,0,0,1,0,1,0,1,0,0,0,1,1,0,84,2,1
33,15,60,1,1,0,1,1,1,1,1,0,1,1,0,0,1,0,0,0,0,1,0,1,1,1,1,0,84,2,1
34,19,76,1,1,1,1,1,1,1,1,1,1,1,1,1,0,1,0,0,0,1,1,0,1,1,0,1,84,2,1
35,15,60,1,1,1,1,0,0,0,0,0,1,1,1,1,1,1,0,0,0,1,0,0,1,1,1,1,84,2,1
36,12,48,1,1,1,1,1,1,1,0,0,1,0,0,1,0,0,0,0,0,0,0,0,1,1,1,0,84,2,3
37,12,48,1,1,0,1,1,0,1,0,0,1,1,0,0,1,1,0,0,0,1,0,0,1,1,0,0,84,2,2
38,13,52,1,1,1,1,1,1,1,0,1,1,1,0,0,0,1,0,0,0,1,0,0,0,1,0,0,84,2,2
39,14,56,1,1,1,1,1,1,0,0,0,1,1,1,0,0,1,0,0,0,1,0,1,0,0,1,1,84,2,2
40,6,24,0,0,0,0,0,0,0,1,0,1,0,1,0,1,0,0,1,0,1,0,0,0,0,0,0,84,2,1
41,9,36,0,1,0,1,0,1,1,1,0,0,1,0,1,0,1,0,0,0,0,0,0,0,0,0,1,84,2,1
42,15,60,1,1,1,1,1,1,1,1,1,1,0,1,0,0,0,0,0,0,0,0,1,1,1,0,1,84,2,1
43,13,52,1,1,0,1,1,1,0,1,1,1,1,0,0,0,0,0,0,0,1,0,1,1,0,0,1,86,2,3
44,21,84,0,1,1,1,1,1,1,1,1,0,1,1,0,1,1,0,1,1,1,1,1,1,1,1,1,86,2,3
45,16,64,1,1,1,1,1,1,1,1,1,1,0,0,0,1,1,0,0,0,0,0,0,1,1,1,1,86,2,3
46,19,76,1,1,1,1,1,1,0,1,1,1,0,1,1,1,1,1,0,0,0,0,1,1,1,1,1,86,2,3
47,11,44,1,1,1,1,1,1,0,0,0,1,0,0,0,0,0,1,0,0,1,0,1,0,0,1,0,86,2,3
48,15,60,0,1,1,1,0,0,1,1,0,1,0,1,1,1,1,0,0,0,0,1,0,1,1,1,1,86,2,3
49,20,80,1,1,1,1,1,1,1,1,0,1,1,1,0,1,1,0,1,0,1,0,1,1,1,1,1,86,2,3
50,22,88,1,1,1,1,1,1,0,1,0,1,1,1,1,1,1,1,1,0,1,1,1,1,1,1,1,86,2,3
51,20,80,1,1,1,1,1,1,1,1,1,1,0,0,1,1,1,0,1,0,1,1,1,0,1,1,1,86,2,3
52,12,48,1,1,1,1,1,1,1,0,0,1,0,1,0,1,0,0,0,0,1,0,0,0,1,0,0,86,2,3
53,17,68,1,1,1,1,1,1,0,1,0,1,1,1,0,0,1,0,1,0,0,0,1,1,1,1,1,86,2,3
54,23,92,1,1,1,1,1,1,1,1,1,1,1,1,1,1,1,1,1,0,1,1,0,1,1,1,1,86,2,3
55,18,72,1,1,1,1,1,1,0,0,0,0,1,1,1,1,1,1,1,1,1,1,0,0,0,1,1,86,2,3
56,19,76,1,1,1,1,1,1,1,1,1,1,1,0,0,1,1,0,1,0,0,1,1,1,1,1,0,86,2,3
57,15,60,1,1,1,1,1,1,0,1,0,1,0,1,1,1,1,0,0,0,1,0,1,0,1,0,0,86,2,3
58,19,76,1,1,1,1,1,1,0,1,0,0,1,1,1,1,1,1,0,0,1,1,0,1,1,1,1,86,2,3
59,13,52,1,1,0,1,1,1,0,1,0,0,0,0,1,1,1,0,0,0,0,1,0,1,1,0,1,86,2,2
60,17,68,1,1,1,1,1,1,0,1,0,0,1,1,1,1,1,0,0,0,0,1,0,1,1,1,1,86,2,2
61,14,56,1,0,0,1,1,1,0,1,1,1,1,1,0,0,1,1,0,0,0,0,1,1,0,1,0,86,2,2
62,17,68,1,1,1,1,1,1,1,1,0,1,1,1,0,1,0,1,1,0,0,0,0,1,1,1,0,86,2,2
63,14,56,1,1,1,0,1,1,1,0,0,1,1,1,0,0,1,0,1,0,0,1,0,0,1,1,0,86,2,2
64,18,72,1,1,1,1,1,1,0,1,0,1,0,0,1,1,1,1,0,0,1,1,0,1,1,1,1,86,2,2
65,16,64,1,1,1,1,1,1,0,1,0,1,0,0,0,1,1,0,1,0,0,1,0,1,1,1,1,86,2,2
66,18,72,1,1,0,1,1,1,1,0,0,1,1,1,1,1,1,1,1,0,0,0,1,1,0,1,1,86,2,2
67,14,56,1,1,1,0,1,1,0,1,0,1,1,1,1,0,1,0,1,0,0,0,0,1,1,0,0,86,2,2
68,21,84,1,1,1,1,1,1,0,1,0,1,1,1,1,1,1,1,1,0,1,1,0,1,1,1,1,86,2,2
69,19,76,1,1,1,1,1,1,1,1,0,1,1,1,1,0,1,1,1,0,1,0,0,1,1,0,1,86,2,1
70,17,68,1,1,1,1,1,1,1,1,0,1,1,0,0,1,0,1,0,0,0,1,1,0,1,1,1,86,2,1
71,17,68,1,1,1,1,1,1,1,1,0,1,1,0,1,1,0,0,1,0,0,1,0,0,1,1,1,86,2,1
72,18,72,1,1,1,1,1,1,0,1,0,1,0,1,1,1,1,1,1,0,0,0,0,1,1,1,1,86,2,1
73,18,72,1,1,1,0,1,1,0,0,0,1,0,1,1,1,1,1,1,0,0,1,1,1,1,1,1,86,2,3
74,16,64,1,1,1,0,0,1,0,1,0,1,1,1,1,1,1,1,0,0,1,0,0,1,0,1,1,86,2,3
75,21,84,1,1,1,1,1,1,0,1,1,1,1,1,1,1,1,0,1,0,1,1,0,1,1,1,1,86,2,3
76,13,52,1,1,1,1,1,1,0,1,0,1,0,1,0,0,1,0,0,0,0,0,0,1,1,1,0,86,2,3
77,15,60,1,1,0,1,0,1,1,1,1,0,1,1,1,1,1,0,0,0,0,0,1,0,1,0,1,86,2,1
78,20,80,1,1,0,1,1,1,1,1,1,1,1,1,1,0,1,1,0,0,0,1,1,1,1,1,1,86,2,2
79,20,80,1,1,1,1,1,1,1,1,1,1,1,0,0,1,1,0,1,0,1,0,1,1,1,1,1,86,2,2
80,7,28,0,0,0,0,1,0,1,0,0,1,1,1,0,1,1,0,0,0,0,0,0,0,0,0,0,94,2,3
81,8,32,1,1,1,0,0,0,0,0,0,1,1,0,0,0,1,0,0,0,0,0,1,1,0,0,0,94,2,3
82,10,40,1,1,1,1,0,0,0,1,0,1,1,0,0,0,1,0,1,0,0,1,0,0,0,0,0,94,2,1
83,14,56,1,1,1,1,0,0,1,0,0,1,1,0,0,1,0,0,0,0,1,1,0,1,1,1,1,94,2,1
84,8,32,0,0,0,1,0,0,0,0,0,0,1,1,0,1,1,0,0,0,0,0,1,1,0,0,1,880,2,3
85,14,56,1,1,1,1,0,1,0,1,0,1,0,0,0,1,1,1,1,0,1,1,0,1,0,0,0,977,2,3
86,9,36,0,1,1,0,0,1,0,0,0,0,1,0,1,0,0,1,0,0,1,0,0,0,0,1,1,977,2,3
87,9,36,0,0,0,1,0,1,0,0,0,1,1,0,1,0,0,0,0,0,0,0,0,1,1,1,1,977,2,3
88,10,40,1,1,1,1,0,1,1,1,1,1,0,1,0,0,0,0,0,0,0,0,0,0,0,0,0,977,2,2
89,8,32,0,0,0,0,0,1,1,1,0,1,0,0,1,0,0,0,0,1,0,0,0,1,0,0,1,977,2,2
90,7,28,1,1,0,0,0,0,1,0,0,0,0,1,0,1,0,0,0,0,1,0,0,0,0,0,1,977,2,2
91,9,36,1,0,0,1,1,1,1,0,1,1,0,0,0,0,0,0,0,0,0,0,1,1,0,0,0,977,2,1
92,16,64,1,0,1,0,1,1,1,1,1,1,1,1,1,1,0,0,0,0,1,0,1,0,1,0,1,977,2,1
93,9,36,0,0,0,0,0,0,1,0,0,1,1,1,0,0,1,1,0,1,0,0,1,1,0,0,0,977,2,1
94,10,40,1,0,1,1,0,0,0,0,1,1,0,0,1,1,1,0,0,0,1,0,0,0,1,0,0,977,2,1
95,7,28,1,0,0,0,0,0,1,1,0,0,0,0,1,1,0,0,0,0,1,1,0,0,0,0,0,977,2,1
96,10,40,1,0,0,0,0,1,0,1,0,1,0,1,1,0,0,0,0,0,0,1,1,0,1,0,1,977,2,1
97,8,32,0,0,0,0,0,1,0,1,0,1,0,1,0,1,0,0,0,0,1,0,1,1,0,0,0,977,2,1
98,6,24,0,0,0,0,1,0,1,1,0,1,1,0,0,0,0,0,1,0,0,0,0,0,0,0,0,977,2,1
99,10,40,1,1,1,0,0,0,1,0,0,1,1,0,0,1,1,1,0,0,1,0,0,0,0,0,0,977,2,1
100,10,40,0,0,0,1,1,0,1,1,0,0,1,1,0,1,0,0,0,0,0,0,1,1,1,0,0,977,2,1
101,8,32,1,1,0,1,0,0,1,1,0,1,1,0,0,1,0,0,0,0,0,0,0,0,0,0,0,977,2,1
102,12,48,0,1,1,1,1,0,1,1,0,1,0,0,1,0,1,0,1,0,1,0,0,0,0,0,1,977,2,3
103,4,16,0,1,0,0,0,0,1,0,0,0,0,0,0,0,0,0,0,0,0,0,0,0,1,0,1,977,2,3
104,8,32,1,1,0,0,0,0,1,0,0,1,0,0,1,0,0,0,0,0,0,0,1,1,1,0,0,977,2,3
105,16,64,1,1,1,1,1,1,0,1,0,1,1,1,0,1,1,0,1,0,1,0,0,1,1,0,0,977,2,3
106,3,12,1,0,0,0,0,0,0,0,0,0,0,1,0,0,0,0,0,0,0,0,0,0,0,0,1,977,2,3
107,6,24,1,0,0,0,0,0,0,0,0,1,0,0,1,0,0,0,0,0,1,0,1,0,0,0,1,977,2,3
108,9,36,1,1,1,1,0,0,0,0,0,1,0,0,1,1,1,0,0,0,0,0,0,0,0,0,1,977,2,2
109,7,28,0,1,0,0,0,1,1,0,0,0,1,0,0,0,1,0,0,1,0,0,1,0,0,0,0,977,2,2
110,9,36,1,1,0,1,0,0,1,1,0,1,1,0,1,0,1,0,0,0,0,0,0,0,0,0,0,977,2,2
111,7,28,0,1,0,0,0,0,0,0,1,1,1,0,0,0,0,0,0,0,1,0,0,1,0,0,1,977,2,2
112,6,24,0,0,1,0,0,0,0,0,1,1,0,0,0,0,0,0,0,0,0,1,1,1,0,0,0,977,2,2
113,7,28,1,0,1,0,0,0,0,0,0,0,1,0,1,1,0,0,0,1,0,0,1,0,0,0,0,977,2,2
114,11,44,0,0,0,1,0,0,1,0,0,0,1,0,0,1,1,0,0,1,1,0,1,1,1,0,1,977,2,2
115,14,56,0,0,0,1,0,1,1,1,0,1,0,0,1,0,0,0,1,1,1,1,1,1,1,0,1,977,2,2
116,15,60,1,1,1,1,1,1,0,0,0,1,1,0,1,1,1,0,0,0,1,0,0,1,1,0,1,977,2,2
117,7,28,0,0,0,1,0,0,0,0,0,1,0,0,0,1,1,0,0,0,0,0,1,0,1,0,1,977,2,2
118,6,24,1,0,0,1,0,0,0,0,0,1,0,1,0,1,0,0,0,0,0,0,0,0,0,1,0,977,2,2
119,10,40,0,1,0,0,0,0,1,0,0,1,1,1,0,1,1,0,0,0,1,0,1,0,1,0,0,977,2,2
120,6,24,0,0,0,0,1,0,0,0,1,0,0,1,0,0,1,1,0,1,0,0,0,0,0,0,0,977,2,2
121,8,32,1,1,1,0,0,0,1,1,0,1,0,0,0,0,0,0,0,0,1,1,0,0,0,0,0,977,2,2
122,12,48,1,1,0,0,0,0,1,0,1,0,1,1,1,1,1,0,0,0,1,1,0,1,0,0,0,977,2,1
123,9,36,0,1,0,1,0,0,1,1,0,1,1,0,1,1,0,0,0,0,0,0,0,0,1,0,0,977,2,1
124,11,44,1,1,1,1,0,1,1,1,0,1,1,0,0,1,0,0,1,0,0,0,0,0,0,0,0,977,2,1
125,5,20,0,0,0,0,0,0,0,0,0,0,0,1,1,1,0,0,1,0,0,0,0,0,1,0,0,977,2,1
